0 0.1681957 0.522648 0.1365953 0.5679442
0 0.2533129 0.5252613 0.1416921 0.5940766
0 0.3083588 0.3641114 0.0601427 0.2543554
0 0.3832823 0.3632404 0.0672782 0.2839721
0 0.4403669 0.5200348 0.1365953 0.5696864
0 0.5071355 0.5017421 0.1294597 0.543554
0 0.6055045 0.4965156 0.1100917 0.4564459
0 0.6758409 0.4834494 0.1182466 0.489547
0 0.7023445 0.4869337 0.1121304 0.4651567
0 0.7940876 0.4599303 0.099898 0.4146341
0 0.8781855 0.457317 0.1009174 0.4198606
0 0.1901121 0.5914634 0.0438328 0.2770034
0 0.3267074 0.5775261 0.0581039 0.294425
0 0.2247706 0.2656794 0.0254841 0.0644599
0 0.2905198 0.2874564 0.0428134 0.066202
0 0.4643221 0.272648 0.0275229 0.0993031
0 0.5474006 0.3005226 0.0407747 0.1376306
0 0.5784913 0.5862369 0.0214067 0.2317073
