0 0.163708 0.6821086 0.1341222 0.5271565
0 0.2357001 0.7284345 0.1084812 0.4217252
0 0.3915187 0.6597444 0.1084812 0.4249201
0 0.4211045 0.6389776 0.0729783 0.2875399
0 0.546351 0.6437699 0.0749506 0.2971246
0 0.969428 0.6373801 0.0611439 0.2715654
0 0.9664694 0.2204472 0.0552268 0.2236421
0 0.9280078 0.4472843 0.0611439 0.2428115
0 0.9063116 0.4440894 0.0611439 0.2428115
0 0.8510848 0.4456869 0.0571992 0.226837
0 0.9191321 0.2252396 0.051282 0.2076677
0 0.9250493 0.2939297 0.0433925 0.1725239
0 0.9003944 0.2923322 0.0453648 0.1757188
0 0.8757396 0.2907348 0.0473372 0.1853035
0 0.8412228 0.2955271 0.0493096 0.2012779
0 0.8126232 0.3019169 0.0473372 0.1884984
0 0.781065 0.3067092 0.0433925 0.1789137
0 0.7485207 0.3035143 0.0493096 0.1916932
0 0.7287968 0.3019169 0.0532544 0.2076677
0 0.699211 0.3083067 0.0532544 0.2140575
0 0.633136 0.3083067 0.0552268 0.2204472
0 0.5907297 0.3722044 0.0650887 0.2523961
0 0.8353057 0.2172523 0.0571992 0.2300319
0 0.6656804 0.3067092 0.0532544 0.2172523
0 0.5581854 0.2428115 0.051282 0.2044728
0 0.5364891 0.3322683 0.0552268 0.2108626
0 0.5128205 0.3083067 0.0552268 0.2204472
0 0.4763313 0.3019169 0.0571992 0.226837
0 0.4408284 0.2348242 0.0453648 0.1821086
0 0.4142011 0.2476038 0.0473372 0.1821086
0 0.3826429 0.2571884 0.0473372 0.1821086
0 0.3293885 0.2316293 0.0473372 0.1821086
0 0.2721893 0.2891373 0.0433925 0.1757188
0 0.2544378 0.284345 0.0433925 0.1789137
0 0.2268244 0.2763578 0.051282 0.1948881
0 0.1962524 0.2619808 0.0453648 0.1725239
0 0.1696252 0.2539936 0.051282 0.2012779
0 0.1666666 0.3801916 0.0532544 0.2044728
0 0.1341222 0.3945686 0.051282 0.1948881
0 0.1104536 0.3897763 0.0552268 0.2108626
0 0.0798816 0.4009584 0.0453648 0.1757188
0 0.1084812 0.2667731 0.0433925 0.169329
0 0.0700197 0.3067092 0.0532544 0.2172523
0 0.086785 0.269968 0.051282 0.1948881
0 0.056213 0.241214 0.0493096 0.1884984
0 0.015779 0.5287539 0.0355029 0.2396166
0 0.0236686 0.5239616 0.051282 0.2364217
0 0.0956607 0.6725239 0.0571992 0.169329
0 0.19428 0.6613418 0.0493096 0.140575
0 0.2702169 0.5942492 0.0355029 0.0702875
0 0.3372781 0.6645367 0.0591715 0.1916932
0 0.5680473 0.5670926 0.0315581 0.1565495
0 0.612426 0.6613418 0.0414201 0.2044728
0 0.6666666 0.6581469 0.0552268 0.1916932
0 0.724852 0.6437699 0.0532544 0.1757188
0 0.7840236 0.6517571 0.0650887 0.1916932
0 0.8629191 0.7188498 0.0611439 0.1469648
0 0.842209 0.6150159 0.051282 0.1182108
0 0.8895463 0.6166134 0.051282 0.1214057
0 0.9526627 0.6485623 0.0591715 0.1725239
0 0.9714003 0.456869 0.0453648 0.1150159
0 0.9674556 0.3690095 0.0374753 0.0670926
0 0.9753451 0.3338658 0.0295857 0.0607028
0 0.8648915 0.183706 0.0295857 0.0479233
0 0.8658777 0.3258785 0.0355029 0.0958466
0 0.8234714 0.3642172 0.0335305 0.0638977
0 0.8037475 0.4536741 0.0453648 0.1277955
0 0.7583826 0.4536741 0.0453648 0.1277955
0 0.7080867 0.4440894 0.0433925 0.1341853
0 0.663708 0.4552715 0.0493096 0.1373801
0 0.6143984 0.456869 0.0453648 0.140575
0 0.5700197 0.456869 0.0433925 0.1214057
0 0.5266272 0.4472843 0.0433925 0.1214057
0 0.7840236 0.3738019 0.0295857 0.0638977
0 0.7820512 0.3290734 0.0335305 0.0511182
0 0.7416173 0.3402555 0.0394477 0.0734824
0 0.6923076 0.3434504 0.0473372 0.0670926
0 0.7751479 0.1932907 0.0315581 0.054313
0 0.7712031 0.1533546 0.0276134 0.0511182
0 0.729783 0.1517571 0.0355029 0.0798722
0 0.7061143 0.183706 0.0276134 0.054313
0 0.6469428 0.3434504 0.0276134 0.0670926
0 0.6538461 0.1757188 0.0335305 0.0575079
0 0.6538461 0.1309904 0.0335305 0.0511182
0 0.6222879 0.1789137 0.0295857 0.0575079
0 0.5927021 0.1757188 0.0335305 0.0702875
0 0.5956607 0.241214 0.0355029 0.0734824
0 0.5611439 0.3498402 0.0295857 0.0607028
0 0.5601577 0.2603833 0.0236686 0.054313
0 0.525641 0.1757188 0.0295857 0.0638977
0 0.5364891 0.3801916 0.0433925 0.0447284
0 0.4960552 0.1916932 0.025641 0.0575079
0 0.4911242 0.4089456 0.0355029 0.1277955
0 0.4467455 0.4552715 0.0374753 0.111821
0 0.3925049 0.4376996 0.0394477 0.1022364
0 0.4980276 0.3338658 0.025641 0.0351437
0 0.4763313 0.3386581 0.0295857 0.0383386
0 0.4536489 0.3690095 0.0315581 0.0607028
0 0.4467455 0.3306709 0.025641 0.0351437
0 0.4181459 0.3498402 0.0236686 0.0479233
0 0.4053254 0.3769968 0.0295857 0.0447284
0 0.3954635 0.3306709 0.025641 0.0415335
0 0.4358974 0.2939297 0.0236686 0.0383386
0 0.438856 0.2651757 0.0216962 0.0255591
0 0.408284 0.2907348 0.0236686 0.0447284
0 0.4132149 0.2507987 0.025641 0.0415335
0 0.3599605 0.384984 0.0374753 0.0670926
0 0.3244575 0.3961661 0.0414201 0.0894568
0 0.285996 0.3913738 0.0394477 0.0862619
0 0.3668639 0.3370607 0.0276134 0.0479233
0 0.3412228 0.341853 0.0236686 0.0383386
0 0.3717948 0.2827476 0.0216962 0.0479233
0 0.3560157 0.2571884 0.0216962 0.0479233
0 0.3372781 0.2923322 0.0276134 0.0415335
0 0.3284023 0.2571884 0.0216962 0.0415335
0 0.3037475 0.3242811 0.0355029 0.054313
0 0.2761341 0.3386581 0.0236686 0.0447284
0 0.3076923 0.226837 0.0355029 0.0575079
0 0.285996 0.1805111 0.0315581 0.0479233
0 0.2672583 0.4456869 0.0414201 0.0990415
0 0.2317554 0.442492 0.0335305 0.0926517
0 0.1982248 0.442492 0.0335305 0.0798722
0 0.1962524 0.3769968 0.0335305 0.0702875
0 0.2287968 0.3722044 0.0315581 0.0607028
0 0.255424 0.3690095 0.0295857 0.054313
0 0.2495069 0.3290734 0.025641 0.0511182
0 0.2514792 0.3003194 0.0216962 0.0511182
0 0.2258382 0.3035143 0.0335305 0.0766773
0 0.2218934 0.1613418 0.025641 0.0415335
0 0.1982248 0.1661341 0.0216962 0.0319488
0 0.1893491 0.298722 0.0236686 0.0415335
0 0.142998 0.226837 0.0335305 0.0447284
0 0.1213017 0.255591 0.0295857 0.0575079
0 0.1163708 0.4808306 0.0355029 0.1437699
0 0.0788954 0.4888178 0.0276134 0.1533546
0 0.1291913 0.1821086 0.0216962 0.0383386
0 0.1134122 0.1900958 0.0177514 0.0415335
0 0.051282 0.4840255 0.0315581 0.1565495
0 0.0483234 0.3674121 0.0374753 0.083067
0 0.0078895 0.384984 0.0197238 0.0351437
0 0.0128205 0.3178913 0.0295857 0.0862619
0 0.0877712 0.1645367 0.0138067 0.0287539
0 0.0335305 0.2603833 0.0236686 0.0415335
0 0.025641 0.198083 0.0236686 0.0511182
0 0.0147928 0.2204472 0.0295857 0.0894568
0 0.0049309 0.1821086 0.0138067 0.0511182
0 0.1745562 0.2603833 0.025641 0.054313
