0 0.9663636 0.7088815 0.0672727 0.3190789
0 0.9118181 0.6940789 0.0527272 0.2368421
0 0.860909 0.6710526 0.0490909 0.2105263
0 0.8154545 0.6644736 0.0454545 0.1973684
0 0.7854545 0.6430921 0.04 0.1743421
0 0.690909 0.7088815 0.0654545 0.2927631
0 0.6527272 0.6611842 0.0436363 0.1973684
0 0.6254545 0.6430921 0.0363636 0.1677631
0 0.4081818 0.6940789 0.0672727 0.2894736
0 0.4363636 0.6677631 0.0545454 0.243421
0 0.4536363 0.6578947 0.0490909 0.2105263
0 0.4827272 0.6414473 0.0418181 0.1776315
0 0.4972727 0.625 0.0345454 0.1447368
0 0.37 0.6644736 0.0272727 0.118421
0 0.3336363 0.6282894 0.0381818 0.1644736
0 0.300909 0.6332236 0.0418181 0.1875
0 0.2836363 0.6447368 0.0472727 0.2105263
0 0.2290909 0.6661184 0.050909 0.2269736
0 0.1536363 0.6875 0.0672727 0.3026315
0 0.1918181 0.6167763 0.0454545 0.1940789
0 0.110909 0.6365131 0.0472727 0.2138157
0 0.0218181 0.6595394 0.0472727 0.2401315
0 0.07 0.6134868 0.0272727 0.1282894
0 0.0918181 0.5970394 0.0272727 0.1217105
0 0.0354545 0.5773026 0.02 0.0953947
0 0.6754545 0.6677631 0.0272727 0.243421
0 0.0090909 0.5740131 0.0181818 0.055921
0 0.0663636 0.6134868 0.0090909 0.1151315
