0 0.2265895 0.6388888 0.1618497 0.7057613
0 0.4213872 0.7129629 0.1306358 0.5699588
0 0.5092485 0.728395 0.1213872 0.5308641
0 0.6774566 0.632716 0.1664739 0.7222222
0 0.5710982 0.659465 0.1549132 0.6728395
0 0.0913294 0.4753086 0.0763005 0.3292181
0 0.1624277 0.4248971 0.0658959 0.281893
0 0.1306358 0.4423868 0.0393063 0.1687242
0 0.7901734 0.473251 0.0450867 0.1975308
0 0.8213872 0.478395 0.0589595 0.2530864
0 0.9150289 0.4701646 0.0589595 0.2572016
0 0.9687861 0.5144032 0.0624277 0.3086419
0 0.8919075 0.4557613 0.0427745 0.1872427
0 0.4439306 0.3487654 0.1156069 0.409465
0 0.051445 0.5905349 0.0890173 0.3004115
0 0.0184971 0.4115226 0.0208092 0.1728395
0 0.0624277 0.4043209 0.0208092 0.0432098
0 0.0410404 0.4074074 0.0289017 0.0493827
0 0.1763005 0.3899176 0.033526 0.0967078
0 0.2046242 0.3909465 0.0254335 0.0534979
0 0.5023121 0.3816872 0.0473988 0.1502057
0 0.7520231 0.414609 0.0219653 0.100823
0 0.8416184 0.3816872 0.0161849 0.0267489
0 0.8387283 0.3621399 0.0150289 0.0246913
0 0.8566473 0.3858024 0.0115606 0.0308641
0 0.8687861 0.3981481 0.0196531 0.0473251
0 0.9236994 0.3672839 0.0115606 0.0226337
0 0.9462427 0.382716 0.0219653 0.0534979
0 0.9439306 0.3539094 0.0127167 0.0288065
0 0.9768786 0.3724279 0.0208092 0.0411522
0 0.9930635 0.3858024 0.0115606 0.0843621
0 0.3121387 0.3580246 0.184971 0.4320987
0 0.0491329 0.355967 0.0450867 0.0493827
0 0.1208092 0.3600823 0.0450867 0.0452674
0 0.5953757 0.3672839 0.0554913 0.0473251
0 0.7092485 0.3858024 0.0751445 0.0514403
0 0.7872832 0.3713991 0.0554913 0.0308641
0 0.8705202 0.3672839 0.0462427 0.0432098
