0 0.1108742 0.5607902 0.1791044 0.6231003
0 0.2771855 0.506079 0.217484 0.7629179
0 0.4882729 0.5106382 0.2771855 0.9665653
0 0.5906183 0.4969604 0.2260127 0.787234
0 0.8283582 0.6322188 0.1513859 0.5288753
0 0.6897654 0.5349544 0.0959488 0.3404255
0 0.7238805 0.4832826 0.0916844 0.3161094
0 0.7814498 0.4468085 0.0831556 0.2857142
0 0.3464818 0.3419452 0.0746268 0.2522796
0 0.0309168 0.4133738 0.066098 0.1033434
0 0.0628997 0.4148936 0.0405117 0.0516717
0 0.011727 0.506079 0.0277185 0.2158054
0 0.6780383 0.3814589 0.0426439 0.0881458
0 0.8667377 0.4665653 0.0618336 0.1550151
0 0.9104477 0.4817629 0.0724946 0.1610942
0 0.9765458 0.4240121 0.0341151 0.2583586
0 0.9626865 0.3829787 0.0447761 0.1823708
0 0.9296375 0.3480243 0.0469083 0.12462
0 0.3944562 0.4331306 0.0810234 0.0759878
