0 0.0280289 0.3141025 0.0596745 0.3910256
0 0.0867992 0.2740384 0.0759493 0.3237179
0 0.1564195 0.4935897 0.0886075 0.3846153
0 0.2070524 0.3060897 0.0958408 0.4198717
0 0.238698 0.2419871 0.0470162 0.1955128
0 0.2685352 0.2548076 0.0524412 0.2275641
0 0.3942133 0.3157051 0.108499 0.4711538
0 0.5081374 0.2307692 0.0325497 0.1474358
0 0.5542495 0.25 0.0632911 0.275641
0 0.6039783 0.2628205 0.0650994 0.2820512
0 0.5379746 0.2355769 0.0415913 0.176282
0 0.6320072 0.2211538 0.0271247 0.1217948
0 0.6446654 0.2195512 0.0235081 0.0993589
0 0.6717902 0.2451923 0.0560578 0.2403846
0 0.7115732 0.2996794 0.0922242 0.400641
0 0.7649186 0.4535256 0.1844484 0.8044871
0 0.9258589 0.3125 0.0867992 0.3814102
0 0.8915009 0.2323717 0.0506329 0.2211538
0 0.8065099 0.213141 0.0253164 0.1121794
0 0.7983725 0.2099358 0.0235081 0.1057692
0 0.9593128 0.238782 0.0452079 0.201923
0 0.3227848 0.2355769 0.0271247 0.1121794
0 0.4801084 0.2211538 0.0307414 0.1282051
0 0.1121157 0.1426282 0.028933 0.0608974
0 0.148282 0.1971153 0.0216998 0.0929487
0 0.1645569 0.1426282 0.0253164 0.0480769
0 0.1808318 0.1346153 0.0180831 0.051282
0 0.4050632 0.4471153 0.0614828 0.1314102
0 0.4882459 0.326923 0.0470162 0.1346153
0 0.5867992 0.1618589 0.0198915 0.0544871
0 0.6898734 0.3958333 0.0849909 0.0929487
