0 0.9491916 0.7150997 0.1016166 0.3817663
0 0.7921478 0.6524216 0.1154734 0.3532763
0 0.8175519 0.5982905 0.1154734 0.3532763
0 0.7055427 0.7564102 0.1454965 0.4415954
0 0.534642 0.8148148 0.1224018 0.3646723
0 0.3775981 0.7692307 0.1316397 0.3988603
0 0.5404157 0.6866096 0.1385681 0.4159544
0 0.6685912 0.5441595 0.108545 0.3247863
0 0.5889145 0.559829 0.0969976 0.2877492
0 0.4030023 0.6111111 0.1270207 0.3789173
0 0.4711316 0.537037 0.1108545 0.3390313
0 0.2667436 0.6894586 0.1362586 0.4045584
0 0.2505773 0.574074 0.1131639 0.3390313
0 0.3060046 0.4943019 0.0993071 0.3048433
0 0.4076212 0.4444444 0.0993071 0.3019943
0 0.1270207 0.5213675 0.1108545 0.3361823
0 0.1986143 0.4601139 0.0969976 0.2934472
0 0.2401847 0.4017094 0.0877598 0.2621082
0 0.3856812 0.2122507 0.0369515 0.1168091
0 0.0958429 0.4259259 0.0946882 0.2877492
0 0.0288683 0.4800569 0.0623556 0.3048433
0 0.0357967 0.3874643 0.0762124 0.2564102
0 0.0750577 0.3404558 0.0808314 0.2364672
0 0.5623556 0.2663817 0.0577367 0.1737891
0 0.7759815 0.8547008 0.0969976 0.2735042
0 0.6339491 0.9330484 0.0669745 0.1225071
0 0.4076212 0.8860398 0.0900692 0.2108262
0 0.2032332 0.8475783 0.1385681 0.2934472
0 0.9665127 0.9615384 0.0577367 0.059829
0 0.5785219 0.3931623 0.0531177 0.079772
0 0.3383371 0.3176638 0.0484988 0.071225
0 0.0103926 0.2450142 0.0254041 0.091168
0 0.0438799 0.2307692 0.0461893 0.074074
0 0.1916859 0.1937321 0.0415704 0.1196581
0 0.5381062 0.1752136 0.0554272 0.054131
0 0.1327944 0.2863247 0.0438799 0.1225071
