0 0.16 0.52375 0.18 0.6625
0 0.7816666 0.43 0.0633333 0.23
0 0.7533333 0.41375 0.0466666 0.1675
0 0.6408333 0.4 0.035 0.13
0 0.6016666 0.40125 0.05 0.1875
0 0.4425 0.41375 0.0783333 0.2875
0 0.4666666 0.3825 0.0466666 0.175
0 0.195 0.415 0.07 0.26
0 0.2408333 0.39625 0.0616666 0.2225
0 0.2983333 0.38125 0.05 0.1825
0 0.02 0.4075 0.0433333 0.255
0 0.4841666 0.3875 0.035 0.13
0 0.4116666 0.42 0.0433333 0.16
0 0.545 0.44 0.0933333 0.34
0 0.355 0.46625 0.1233333 0.4525
0 0.6891666 0.43375 0.0783333 0.2875
0 0.8466666 0.445 0.0966666 0.355
0 0.8316666 0.4225 0.0533333 0.21
0 0.8958333 0.42375 0.025 0.1875
0 0.7275 0.4 0.025 0.175
0 0.62 0.39625 0.0166666 0.1525
0 0.5291666 0.34875 0.0416666 0.1325
0 0.3175 0.31875 0.0183333 0.0475
0 0.33 0.38625 0.0233333 0.1675
0 0.4125 0.325 0.0216666 0.035
