0 0.023 0.5071428 0.05 0.3057142
0 0.034 0.5028571 0.072 0.2857142
0 0.077 0.4914285 0.082 0.2914285
0 0.122 0.5085714 0.092 0.3257142
0 0.184 0.4985714 0.06 0.2142857
0 0.216 0.4842857 0.052 0.18
0 0.261 0.4785714 0.082 0.2828571
0 0.305 0.5171428 0.09 0.3142857
0 0.342 0.4942857 0.068 0.2342857
0 0.375 0.4785714 0.058 0.2028571
0 0.417 0.5257142 0.09 0.32
0 0.499 0.5071428 0.086 0.3057142
0 0.526 0.4957142 0.084 0.2942857
0 0.575 0.4885714 0.07 0.2457142
0 0.609 0.4828571 0.066 0.2285714
0 0.653 0.4771428 0.062 0.2228571
0 0.67 0.4814285 0.068 0.2314285
0 0.72 0.4842857 0.08 0.2771428
0 0.775 0.4914285 0.078 0.2685714
0 0.813 0.4985714 0.094 0.3228571
0 0.898 0.51 0.096 0.34
0 0.919 0.4942857 0.082 0.2914285
0 0.937 0.4857142 0.074 0.2628571
0 0.952 0.4857142 0.08 0.2742857
0 0.973 0.4857142 0.054 0.28
0 0.279 0.3628571 0.018 0.04
0 0.354 0.3742857 0.02 0.0285714
0 0.399 0.3742857 0.018 0.04
0 0.479 0.3814285 0.022 0.0428571
0 0.545 0.3828571 0.018 0.04
0 0.564 0.3871428 0.02 0.0371428
0 0.661 0.3614285 0.018 0.0257142
0 0.703 0.3714285 0.022 0.0342857
0 0.734 0.3671428 0.016 0.0371428
0 0.833 0.37 0.022 0.0428571
0 0.866 0.3814285 0.02 0.0371428
0 0.883 0.3814285 0.018 0.0314285
0 0.857 0.37 0.018 0.0314285
0 0.052 0.3685714 0.032 0.04
0 0.154 0.3814285 0.044 0.0371428
0 0.187 0.3757142 0.03 0.0428571
0 0.227 0.3828571 0.046 0.0342857
0 0.325 0.3942857 0.022 0.0285714
0 0.452 0.38 0.036 0.04
0 0.592 0.3814285 0.02 0.0371428
0 0.631 0.3771428 0.034 0.0342857
0 0.688 0.3814285 0.02 0.0371428
0 0.755 0.3714285 0.026 0.0457142
0 0.968 0.3785714 0.024 0.0314285
