0 0.0526315 0.6185714 0.1088929 0.5457142
0 0.1588021 0.5714285 0.107078 0.4114285
0 0.1225045 0.4971428 0.0889292 0.3428571
0 0.2196007 0.66 0.1415607 0.5485714
0 0.298548 0.4957142 0.0707803 0.2771428
0 0.4038112 0.5985714 0.1034482 0.3971428
0 0.4573502 0.6114285 0.1197822 0.4571428
0 0.5299455 0.63 0.1270417 0.4885714
0 0.6007259 0.6342857 0.1052631 0.4057142
0 0.6324863 0.6071428 0.0961887 0.3742857
0 0.7232304 0.6257142 0.121597 0.4685714
0 0.8620689 0.6514285 0.1161524 0.4457142
0 0.9401088 0.6528571 0.1197822 0.5
0 0.8176043 0.4057142 0.0671506 0.2628571
0 0.2459165 0.4357142 0.0381125 0.0885714
0 0.4972776 0.4571428 0.0399274 0.0857142
0 0.5644283 0.4071428 0.0326678 0.1057142
0 0.6052631 0.4142857 0.0344827 0.0571428
0 0.7504537 0.4657142 0.0308529 0.0514285
0 0.9718693 0.4714285 0.0308529 0.0628571
0 0.8520871 0.4028571 0.0272232 0.0457142
0 0.6742286 0.4414285 0.0598911 0.0428571
0 0.767695 0.4128571 0.0508166 0.0485714
0 0.9038112 0.43 0.0326678 0.0314285
