0 0.0141666 0.188 0.0216666 0.088
0 0.07 0.1906666 0.02 0.0826666
0 0.1225 0.1906666 0.0216666 0.0826666
0 0.1808333 0.1893333 0.0216666 0.08
0 0.2366666 0.1853333 0.02 0.0826666
0 0.2783333 0.188 0.02 0.0826666
0 0.2125 0.1173333 0.0216666 0.0853333
0 0.2366666 0.124 0.02 0.0826666
0 0.0283333 0.5093333 0.03 0.1226666
0 0.0658333 0.4973333 0.0316666 0.12
0 0.105 0.5013333 0.03 0.112
0 0.1333333 0.488 0.03 0.1173333
0 0.1641666 0.4906666 0.0283333 0.112
0 0.1941666 0.4826666 0.0316666 0.1226666
0 0.2325 0.4733333 0.0283333 0.1093333
0 0.2675 0.472 0.0283333 0.112
0 0.3016666 0.4706666 0.0266666 0.104
0 0.3241666 0.4653333 0.0283333 0.1146666
0 0.3441666 0.4626666 0.0283333 0.1146666
0 0.3633333 0.46 0.03 0.1146666
0 0.3791666 0.4493333 0.025 0.104
0 0.3966666 0.4373333 0.0233333 0.096
0 0.4233333 0.436 0.03 0.12
0 0.4508333 0.4293333 0.0283333 0.112
0 0.28 0.0546666 0.02 0.0826666
0 0.2991666 0.0413333 0.0183333 0.072
0 0.3016666 0.1186666 0.02 0.072
0 0.3266666 0.1173333 0.0233333 0.0853333
0 0.3291666 0.188 0.0216666 0.0826666
0 0.3616666 0.1866666 0.02 0.08
0 0.3408333 0.0546666 0.0216666 0.0826666
0 0.3608333 0.0533333 0.0216666 0.08
0 0.3975 0.12 0.0183333 0.0746666
0 0.4125 0.116 0.025 0.0933333
0 0.3941666 0.1853333 0.0216666 0.0826666
0 0.4225 0.188 0.0216666 0.088
0 0.455 0.1853333 0.0233333 0.0933333
0 0.485 0.1866666 0.0233333 0.096
0 0.525 0.1866666 0.0233333 0.0853333
0 0.565 0.188 0.0233333 0.088
0 0.4508333 0.0493333 0.0183333 0.0773333
0 0.4716666 0.0506666 0.0233333 0.0853333
0 0.4891666 0.112 0.0183333 0.0746666
0 0.5066666 0.1106666 0.02 0.0826666
0 0.5675 0.0466666 0.0183333 0.0773333
0 0.5833333 0.0413333 0.02 0.0773333
0 0.5566666 0.112 0.02 0.08
0 0.5816666 0.1106666 0.0233333 0.088
0 0.6025 0.1866666 0.0216666 0.0906666
0 0.6308333 0.192 0.0216666 0.08
0 0.6316666 0.1186666 0.02 0.072
0 0.6608333 0.1133333 0.0216666 0.088
0 0.6616666 0.052 0.0233333 0.088
0 0.6841666 0.052 0.0216666 0.088
0 0.7358333 0.052 0.0183333 0.0773333
0 0.7541666 0.0466666 0.0216666 0.088
0 0.7333333 0.116 0.02 0.072
0 0.7758333 0.1093333 0.0216666 0.08
0 0.6666666 0.1946666 0.0233333 0.0853333
0 0.6983333 0.1906666 0.0233333 0.088
0 0.7266666 0.1906666 0.02 0.0826666
0 0.7541666 0.188 0.0216666 0.088
0 0.7841666 0.188 0.0216666 0.088
0 0.8158333 0.1893333 0.0216666 0.0853333
0 0.8591666 0.1893333 0.0216666 0.0853333
0 0.8916666 0.1933333 0.0233333 0.088
0 0.9325 0.192 0.025 0.096
0 0.9791666 0.1973333 0.025 0.096
0 0.4783333 0.42 0.03 0.1146666
0 0.5141666 0.416 0.0316666 0.1173333
0 0.54 0.424 0.03 0.1173333
0 0.5666666 0.4306666 0.0266666 0.1093333
0 0.5933333 0.432 0.0266666 0.1066666
0 0.6283333 0.4373333 0.0266666 0.1066666
0 0.65 0.448 0.03 0.112
0 0.675 0.4506666 0.0266666 0.1066666
0 0.6941666 0.456 0.0283333 0.1066666
0 0.7125 0.4666666 0.0283333 0.1066666
0 0.7291666 0.4653333 0.025 0.0986666
0 0.7625 0.4706666 0.0283333 0.1146666
0 0.7941666 0.4813333 0.0283333 0.1146666
0 0.825 0.4893333 0.0333333 0.1253333
0 0.85 0.488 0.03 0.112
0 0.8825 0.492 0.0316666 0.12
0 0.9066666 0.496 0.03 0.1226666
0 0.9308333 0.508 0.0283333 0.1146666
0 0.3316666 0.5439999 0.0266666 0.1066666
0 0.3666666 0.5626666 0.02 0.0746666
0 0.4175 0.5373333 0.0316666 0.1253333
0 0.4925 0.5573333 0.0283333 0.1066666
0 0.5941666 0.5466666 0.0283333 0.1066666
0 0.5608333 0.5653333 0.0216666 0.08
0 0.5833333 0.7773333 0.0233333 0.088
0 0.7108333 0.5533333 0.025 0.0933333
0 0.73 0.5346666 0.03 0.12
0 0.7475 0.7693333 0.025 0.0933333
0 0.845 0.768 0.0266666 0.1013333
0 0.7666666 0.5479999 0.02 0.0826666
0 0.195 0.776 0.03 0.0906666
0 0.225 0.7866666 0.0233333 0.0426666
0 0.205 0.716 0.0266666 0.056
0 0.2066666 0.6613333 0.0266666 0.0586666
0 0.2133333 0.632 0.02 0.048
0 0.215 0.6093333 0.02 0.0346666
0 0.2233333 0.6053333 0.0166666 0.0373333
0 0.2208333 0.5706666 0.015 0.032
0 0.2341666 0.5586666 0.0216666 0.0346666
0 0.2191666 0.5386666 0.0216666 0.032
0 0.2541666 0.54 0.0216666 0.0346666
0 0.2791666 0.5573333 0.0216666 0.032
0 0.295 0.5333333 0.02 0.0426666
0 0.3075 0.6026666 0.025 0.0586666
0 0.2616666 0.6266666 0.0166666 0.0426666
0 0.28 0.6226666 0.02 0.0186666
0 0.2808333 0.6733333 0.025 0.088
0 0.2483333 0.7586666 0.03 0.0506666
0 0.2775 0.7693333 0.0283333 0.0666666
0 0.3166666 0.7773333 0.04 0.0933333
0 0.3391666 0.7653333 0.0216666 0.064
0 0.365 0.7706666 0.0266666 0.0746666
0 0.3933333 0.7839999 0.0266666 0.08
0 0.4225 0.776 0.035 0.0906666
0 0.3258333 0.6919999 0.0316666 0.072
0 0.3733333 0.7053333 0.0266666 0.072
0 0.4 0.6906666 0.03 0.0746666
0 0.3541666 0.624 0.0183333 0.0586666
0 0.3625 0.5933333 0.0216666 0.0453333
0 0.39 0.6306666 0.0366666 0.104
0 0.39 0.5773333 0.0233333 0.0453333
0 0.4058333 0.5693333 0.0316666 0.0613333
0 0.3825 0.5373333 0.025 0.056
0 0.4325 0.6986666 0.0383333 0.0533333
0 0.4558333 0.6666666 0.035 0.0693333
0 0.4591666 0.6306666 0.025 0.056
0 0.4608333 0.5973333 0.0283333 0.0853333
0 0.46 0.5453333 0.03 0.072
0 0.4558333 0.7813333 0.0283333 0.08
0 0.4808333 0.776 0.035 0.0906666
0 0.52 0.78 0.0266666 0.0773333
0 0.5491666 0.7733333 0.0416666 0.1066666
0 0.5166666 0.5933333 0.0233333 0.056
0 0.6425 0.5613333 0.0283333 0.056
0 0.6633333 0.5466666 0.03 0.0693333
0 0.6225 0.7746666 0.0383333 0.0986666
0 0.6633333 0.7853333 0.0366666 0.072
0 0.6991666 0.776 0.0383333 0.1013333
0 0.7916666 0.772 0.04 0.12
0 0.8316666 0.74 0.0166666 0.0506666
0 0.8408333 0.6893333 0.0316666 0.0613333
0 0.84 0.636 0.0233333 0.056
0 0.82 0.6346666 0.02 0.0373333
0 0.8416666 0.6173333 0.0266666 0.0506666
0 0.7866666 0.532 0.03 0.0506666
0 0.8291666 0.5693333 0.0383333 0.0506666
0 0.8325 0.5213333 0.025 0.0346666
0 0.82 0.5226666 0.02 0.0373333
0 0.8158333 0.492 0.025 0.04
