0 0.0971679 0.7601398 0.0302734 0.1048951
0 0.0502929 0.7454545 0.0302734 0.1090909
0 0.0180664 0.7454545 0.0322265 0.1146853
0 0.0083007 0.7608391 0.0185546 0.1062937
0 0.0629882 0.7433566 0.0283203 0.0993006
0 0.036621 0.727972 0.0205078 0.0741258
0 0.2607421 0.7825174 0.0410156 0.1440559
0 0.2915039 0.783916 0.0478515 0.1692307
0 0.3310546 0.7804195 0.0449218 0.1538461
0 0.371582 0.7958041 0.0458984 0.1594405
0 0.3984375 0.7958041 0.0429687 0.1510489
0 0.4287109 0.7916083 0.0488281 0.1734265
0 0.4633789 0.8132867 0.0517578 0.1776223
0 0.5214843 0.813986 0.0585937 0.2013986
0 0.5898437 0.7993006 0.0644531 0.2223776
0 0.6279296 0.8104895 0.0585937 0.2055944
0 0.6699218 0.8230769 0.0585937 0.2027972
0 0.7226562 0.8223776 0.0605468 0.2125874
0 0.7626953 0.8265734 0.0625 0.2153846
0 0.8032226 0.8286713 0.0634765 0.2223776
0 0.8886718 0.8258741 0.0761718 0.2643356
0 0.918457 0.8258741 0.0810546 0.283916
0 0.5634765 0.797902 0.0507812 0.1776223
0 0.9853515 0.7888111 0.0292968 0.1594405
0 0.958496 0.7965034 0.055664 0.1916083
0 0.9770507 0.7531468 0.0185546 0.0881118
0 0.8696289 0.7146853 0.0224609 0.0531468
0 0.836914 0.741958 0.0273437 0.0741258
0 0.8251953 0.7321678 0.0273437 0.0685314
0 0.8061523 0.7083916 0.024414 0.0237762
0 0.7875976 0.727972 0.0283203 0.062937
0 0.7729492 0.7370629 0.0263671 0.0503496
0 0.7441406 0.7230769 0.0273437 0.0587412
0 0.711914 0.720979 0.015625 0.0321678
0 0.6713867 0.7202797 0.0263671 0.0363636
0 0.6455078 0.7321678 0.0175781 0.0545454
0 0.6352539 0.7244755 0.0107421 0.027972
0 0.4838867 0.7174825 0.040039 0.0671328
0 0.3759765 0.7188811 0.0371093 0.0447552
0 0.1196289 0.7202797 0.0166015 0.0503496
0 0.5410156 0.7167832 0.0839843 0.0321678
0 0.4355468 0.7195804 0.09375 0.0377622
0 0.3408203 0.713986 0.078125 0.0405594
