0 0.9378787 0.3957055 0.1060606 0.3496932
0 0.8431818 0.3353783 0.0712121 0.2331288
0 0.760606 0.384458 0.0787878 0.2617586
0 0.6931818 0.3619631 0.0772727 0.2535787
0 0.6371212 0.3629856 0.0651515 0.2106339
0 0.6537878 0.3619631 0.0590909 0.196319
0 0.5924242 0.3527607 0.0575757 0.190184
0 0.5674242 0.3476482 0.0560606 0.1799591
0 0.5234848 0.3435582 0.0469696 0.1595092
0 0.5098484 0.3404907 0.0469696 0.1533742
0 0.4931818 0.3425357 0.0469696 0.1533742
0 0.4742424 0.3415132 0.0484848 0.1635991
0 0.4651515 0.3312883 0.0424242 0.1390593
0 0.4257575 0.3333333 0.0393939 0.1267893
0 0.4045454 0.3231083 0.0393939 0.1267893
0 0.3545454 0.3496932 0.0545454 0.1758691
0 0.1196969 0.3670756 0.0575757 0.186094
0 0.0946969 0.3762781 0.0621212 0.2044989
0 0.0295454 0.3895705 0.0621212 0.2147239
0 0.9075757 0.2791411 0.0242424 0.0797546
0 0.885606 0.2770961 0.0227272 0.0756646
0 0.8174242 0.2822085 0.0227272 0.0736196
0 0.3901515 0.3159509 0.0318181 0.1083844
0 0.3787878 0.3220858 0.030303 0.1002044
0 0.3674242 0.3220858 0.0318181 0.1002044
0 0.3378787 0.3292433 0.0333333 0.1063394
0 0.3196969 0.3251533 0.0333333 0.1145194
0 0.2939393 0.3282208 0.0333333 0.1083844
0 0.265909 0.3302658 0.0348484 0.1165644
0 0.2454545 0.3323108 0.030303 0.1002044
0 0.2196969 0.3302658 0.0393939 0.1247443
0 0.1825757 0.3353783 0.0348484 0.1145194
0 0.1583333 0.3404907 0.0348484 0.1165644
0 0.1401515 0.3394683 0.040909 0.1308793
0 0.0590909 0.3466257 0.0424242 0.1370143
0 0.9924242 0.2607361 0.0121212 0.0633946
0 0.9522727 0.3384458 0.0954545 0.1247443
0 0.7068181 0.2597137 0.010606 0.0245398
0 0.7204545 0.2699386 0.0166666 0.0286298
0 0.5227272 0.2638036 0.0151515 0.0245398
0 0.5507575 0.281186 0.0166666 0.0552147
0 0.430303 0.2750511 0.0242424 0.0265848
0 0.4136363 0.2801635 0.0181818 0.0286298
0 0.3310606 0.2740286 0.0196969 0.0327198
0 0.2992424 0.2862985 0.0166666 0.0286298
0 0.3022727 0.2719836 0.0196969 0.0245398
0 0.2742424 0.287321 0.0181818 0.0265848
0 0.230303 0.2842535 0.0212121 0.0368098
0 0.2371212 0.2760736 0.0136363 0.0245398
0 0.1863636 0.2801635 0.0212121 0.0368098
0 0.1628787 0.291411 0.0196969 0.0306748
0 0.0742424 0.2985685 0.0181818 0.0286298
0 0.0469696 0.3404907 0.0242424 0.1411042
0 0.2015151 0.2883435 0.0181818 0.0286298
0 0.2083333 0.3977505 0.1136363 0.0388548
0 0.205303 0.4161554 0.1287878 0.0388548
0 0.3946969 0.4018404 0.1015151 0.0306748
0 0.4674242 0.4325153 0.1560606 0.0552147
0 0.4946969 0.4417177 0.1590909 0.0572597
0 0.5166666 0.4662576 0.1818181 0.0654396
0 0.5272727 0.5040899 0.0939393 0.0838445
0 0.590909 0.5163599 0.130303 0.0838445
0 0.7 0.5419222 0.230303 0.1145194
0 0.755303 0.5838445 0.2590909 0.1042944
0 0.8560606 0.6533742 0.2030303 0.1083844
0 0.2310606 0.4437627 0.1651515 0.0531697
0 0.2234848 0.4652351 0.1742424 0.0593047
0 0.2075757 0.493865 0.230303 0.1124744
0 0.2227272 0.5316973 0.1848484 0.0777096
0 0.2492424 0.5715746 0.2681818 0.1451942
0 0.2734848 0.6114519 0.2621212 0.1308793
0 0.3424242 0.6421267 0.3454545 0.2044989
0 0.3696969 0.7147239 0.4151515 0.2883435
0 0.3787878 0.8241308 0.5424242 0.3026584
0 0.5189393 0.898773 0.2075757 0.1533742
0 0.7151515 0.8650306 0.2030303 0.2290388
0 0.0689393 0.8006134 0.140909 0.3578732
0 0.9666666 0.7096114 0.060606 0.1595092
0 0.765909 0.2413087 0.0227272 0.0163599
