0 0.4477777 0.72125 0.38 0.52
0 0.04 0.53875 0.0577777 0.0775
0 0.1022222 0.545 0.0488888 0.07
0 0.1988888 0.539375 0.0466666 0.06375
0 0.2266666 0.54375 0.0444444 0.0625
0 0.2444444 0.54 0.0444444 0.0625
0 0.2811111 0.5325 0.0422222 0.06
0 0.32 0.541875 0.0444444 0.05875
0 0.3511111 0.53625 0.0355555 0.05
0 0.0688888 0.53125 0.0533333 0.075
0 0.5933333 0.523125 0.0311111 0.04125
0 0.5677777 0.525625 0.0244444 0.03125
0 0.6155555 0.525625 0.0266666 0.03625
0 0.7133333 0.558125 0.04 0.05625
0 0.7444444 0.54375 0.0622222 0.085
0 0.8411111 0.543125 0.0644444 0.08875
0 0.8677777 0.54375 0.06 0.0825
0 0.1633333 0.53625 0.0377777 0.05
0 0.2455555 0.5075 0.02 0.0075
0 0.5755555 0.505625 0.0177777 0.01125
0 0.72 0.51375 0.0222222 0.0175
0 0.0255555 0.506875 0.0288888 0.01875
0 0.3866666 0.505625 0.0355555 0.01125
0 0.3655555 0.515 0.0333333 0.015
0 0.5477777 0.506875 0.0333333 0.01125
0 0.78 0.509375 0.04 0.01125
0 0.8077777 0.518125 0.0288888 0.00875
