0 0.9481981 0.5513698 0.1036036 0.6438356
0 0.8299549 0.6352739 0.1914414 0.7157534
0 0.7331081 0.5496575 0.1509009 0.5650684
0 0.6373873 0.5496575 0.1441441 0.5376712
0 0.5664414 0.5907534 0.1283783 0.4828767
0 0.3569819 0.5171232 0.1824324 0.6780821
0 0.4414414 0.464041 0.1351351 0.5034246
0 0.4099099 0.4486301 0.1216216 0.4452054
0 0.2117117 0.4571917 0.1261261 0.469178
0 0.0202702 0.2979452 0.0315315 0.1164383
0 0.0292792 0.3065068 0.036036 0.1335616
0 0.0427927 0.3047945 0.0315315 0.1232876
0 0.0506756 0.2979452 0.0292792 0.1164383
0 0.8322072 0.2568493 0.0518018 0.0342465
0 0.7004504 0.3030821 0.045045 0.119863
0 0.5146396 0.2928082 0.0743243 0.1404109
0 0.4864864 0.4366438 0.1081081 0.119863
0 0.2905405 0.2380136 0.0495495 0.0787671
