0 0.1049019 0.3433242 0.1196078 0.4032697
0 0.1352941 0.2343324 0.0666666 0.2288828
0 0.1862745 0.2874659 0.0941176 0.3133514
0 0.267647 0.366485 0.1470588 0.493188
0 0.3049019 0.2970027 0.1078431 0.359673
0 0.3656862 0.2615803 0.0803921 0.2670299
0 0.3392156 0.2152588 0.0588235 0.1961852
0 0.4490196 0.2683923 0.0941176 0.318801
0 0.4235294 0.219346 0.0509803 0.1716621
0 0.5303921 0.2084468 0.0568627 0.19891
0 0.5686274 0.2343324 0.062745 0.2179836
0 0.6 0.2588555 0.0784313 0.2615803
0 0.6470588 0.2970027 0.0980392 0.3378746
0 0.6970588 0.2370572 0.072549 0.2506811
0 0.4794117 0.3215258 0.1235294 0.4250681
0 0.7598039 0.2779291 0.0843137 0.2833787
0 0.7960784 0.192098 0.0431372 0.1498637
0 0.8352941 0.2561307 0.0784313 0.2670299
0 0.8931372 0.2452316 0.0686274 0.2343324
0 0.9598039 0.2343324 0.0607843 0.212534
0 0.9774509 0.1880108 0.0372549 0.1307901
0 0.022549 0.6280653 0.0490196 0.2588555
0 0.0147058 0.3433242 0.0333333 0.2779291
0 0.0196078 0.2656675 0.0431372 0.2479564
0 0.0705882 0.1702997 0.0313725 0.1008174
0 0.2294117 0.246594 0.0352941 0.2479564
0 0.6107843 0.19891 0.0294117 0.1634877
0 0.6764705 0.1444141 0.0274509 0.065395
0 0.7107843 0.2070844 0.0137254 0.1743869
0 0.7774509 0.1961852 0.0254901 0.1634877
0 0.85 0.2084468 0.017647 0.19891
0 0.8823529 0.1934604 0.0117647 0.1525885
0 0.95 0.1566757 0.0294117 0.079019
0 0.9911764 0.2316076 0.0137254 0.1689373
