0 0.7618741 0.7330595 0.114249 0.4435318
0 0.5070603 0.7494866 0.0641848 0.2464065
0 0.4653401 0.7310061 0.0937098 0.3613963
0 0.4261874 0.7464065 0.0564826 0.2238193
0 0.3889602 0.7433264 0.0667522 0.2628336
0 0.317715 0.7412731 0.0577663 0.2299794
0 0.2817715 0.738193 0.0731707 0.2854209
0 0.1174582 0.7433264 0.0629011 0.2422997
0 0.1546854 0.7412731 0.0706033 0.275154
0 0.2227214 0.7351129 0.0629011 0.2464065
0 0.5365853 0.7433264 0.0128369 0.053388
0 0.5436456 0.7402464 0.0115532 0.0431211
0 0.5494223 0.7402464 0.0102695 0.0390143
0 0.5584082 0.7433264 0.0102695 0.0369609
0 0.5661103 0.7443531 0.0128369 0.0472279
0 0.5693196 0.7412731 0.0064184 0.0287474
0 0.5770218 0.7433264 0.0089858 0.0369609
0 0.5853658 0.7412731 0.0102695 0.0369609
0 0.5924261 0.7402464 0.0141206 0.0554414
0 0.5975609 0.7412731 0.0115532 0.0451745
0 0.6052631 0.7422997 0.0141206 0.0513347
0 0.6168164 0.7422997 0.0141206 0.0513347
0 0.6341463 0.7433264 0.0128369 0.0492813
0 0.6405648 0.7433264 0.0128369 0.0492813
0 0.6476251 0.7412731 0.0141206 0.053388
0 0.656611 0.7453798 0.0141206 0.053388
0 0.6630295 0.7443531 0.0115532 0.0472279
0 0.6688061 0.7443531 0.0128369 0.0472279
0 0.6726572 0.7402464 0.0128369 0.0513347
0 0.6784338 0.7433264 0.0115532 0.0451745
0 0.6842105 0.7453798 0.0128369 0.0492813
0 0.6899871 0.7443531 0.0089858 0.0390143
0 0.6970474 0.7443531 0.0128369 0.0472279
0 0.71181 0.7443531 0.0141206 0.0513347
0 0.6264441 0.7453798 0.0128369 0.0451745
0 0.6103979 0.7453798 0.0115532 0.0451745
0 0.7971758 0.7422997 0.0102695 0.0431211
0 0.8087291 0.7392197 0.0102695 0.0410677
0 0.8164313 0.7392197 0.0102695 0.0410677
0 0.8247753 0.7484599 0.0141206 0.0513347
0 0.0519897 0.7361396 0.0577663 0.2238193
0 0.3587933 0.7197125 0.0320924 0.1293634
0 0.2554557 0.7022587 0.0359435 0.1396303
0 0.1970474 0.7176591 0.029525 0.1129363
0 0.1726572 0.7084188 0.0346598 0.1314168
0 0.0892169 0.7094455 0.0397946 0.1540041
0 0.0243902 0.7166324 0.0282413 0.1067761
0 0.0032092 0.7094455 0.0089858 0.0677618
0 0.3311938 0.6632443 0.0179717 0.0287474
0 0.2323491 0.6437371 0.0128369 0.0349075
0 0.13543 0.6498973 0.0141206 0.026694
0 0.5308087 0.7258726 0.0064184 0.0184804
0 0.7875481 0.7392197 0.0064184 0.0328542
0 0.8921694 0.7258726 0.0128369 0.0225872
0 0.8774069 0.7268993 0.0141206 0.0164271
0 0.9216944 0.727926 0.0231065 0.0184804
0 0.987163 0.7238193 0.0205391 0.0143737
0 0.8498074 0.7268993 0.0128369 0.0123203
