0 0.0741666 0.8886075 0.045 0.1721518
0 0.1825 0.8848101 0.0483333 0.1797468
0 0.2916666 0.8810126 0.05 0.1822784
0 0.4025 0.8721518 0.0483333 0.1797468
0 0.6691666 0.856962 0.0516666 0.1898734
0 0.6266666 0.7278481 0.0466666 0.1746835
0 0.2616666 0.513924 0.0433333 0.156962
0 0.3216666 0.4556962 0.0433333 0.156962
0 0.3925 0.4594936 0.0383333 0.1443037
0 0.4583333 0.449367 0.0433333 0.1544303
0 0.5266666 0.4721518 0.04 0.1443037
0 0.605 0.4468354 0.0433333 0.1544303
0 0.64 0.4164556 0.0433333 0.1594936
0 0.6891666 0.4974683 0.0416666 0.1594936
0 0.6675 0.3594936 0.0383333 0.1367088
0 0.7533333 0.3582278 0.0333333 0.1189873
0 0.8508333 0.3645569 0.035 0.1265822
0 0.935 0.3607594 0.0333333 0.1240506
0 0.2008333 0.3772151 0.035 0.1265822
0 0.1083333 0.3721518 0.0333333 0.1265822
0 0.0141666 0.3797468 0.0316666 0.1316455
0 0.0816666 0.749367 0.0433333 0.1620253
0 0.0483333 0.7202531 0.0466666 0.1746835
0 0.0283333 0.7164556 0.04 0.1518987
0 0.0133333 0.7 0.03 0.1443037
0 0.2633333 0.4303797 0.0433333 0.156962
0 0.7641666 0.8531645 0.0516666 0.192405
0 0.8675 0.8518987 0.0516666 0.1949367
0 0.9658333 0.8392405 0.0516666 0.1898734
0 0.9741666 0.6860759 0.0383333 0.1417721
0 0.9291666 0.578481 0.0383333 0.1443037
0 0.9141666 0.5506329 0.0383333 0.1392405
0 0.8983333 0.5303797 0.0433333 0.1544303
0 0.8883333 0.5101265 0.0366666 0.1341772
0 0.8791666 0.492405 0.0316666 0.113924
0 0.8683333 0.4734177 0.0366666 0.1367088
0 0.9808333 0.5772151 0.035 0.1316455
0 0.9666666 0.5607594 0.0366666 0.1341772
0 0.955 0.5443037 0.03 0.1164556
0 0.19 0.6835443 0.04 0.0455696
0 0.2825 0.678481 0.0416666 0.035443
0 0.2783333 0.6531645 0.0433333 0.0556962
0 0.3858333 0.6759493 0.0383333 0.0455696
0 0.0058333 0.7278481 0.015 0.149367
0 0.7225 0.6582278 0.0416666 0.0556962
0 0.82 0.6544303 0.0333333 0.0481012
0 0.9083333 0.6556962 0.0366666 0.0556962
0 0.8825 0.4392405 0.015 0.0379746
0 0.955 0.4797468 0.02 0.0734177
0 0.9416666 0.4620253 0.0233333 0.0632911
0 0.9333333 0.4405063 0.0233333 0.0556962
0 0.9091666 0.4240506 0.025 0.0632911
0 0.9858333 0.478481 0.025 0.0759493
0 0.98 0.4341772 0.0266666 0.0379746
0 0.9691666 0.4316455 0.0283333 0.0430379
0 0.0875 0.6658227 0.045 0.070886
