0 0.0686591 0.5502008 0.1405492 0.8835341
0 0.1712439 0.5502008 0.1195476 0.7309236
0 0.3457189 0.5823293 0.1324717 0.8112449
0 0.3004846 0.5923694 0.1260096 0.7590361
0 0.197092 0.5080321 0.0872374 0.5261044
0 0.5775444 0.4999999 0.0339256 0.2128514
0 0.6526655 0.4939759 0.0807754 0.4819277
0 0.6809369 0.506024 0.0823909 0.4899598
0 0.7229402 0.5160642 0.092084 0.566265
0 0.7633279 0.5361445 0.098546 0.6064257
0 0.8424878 0.5722891 0.105008 0.630522
0 0.8836833 0.5823293 0.1130856 0.690763
0 0.2714054 0.4257028 0.0516962 0.2570281
0 0.3998384 0.5140562 0.0210016 0.1445783
0 0.417609 0.5160642 0.0177705 0.1164658
0 0.4378029 0.5120481 0.0323101 0.1084337
