0 0.3370307 0.6546391 0.1211604 0.4484536
0 0.4411262 0.6417525 0.1143344 0.4226804
0 0.6126279 0.6340206 0.105802 0.3917525
0 0.7022184 0.621134 0.1075085 0.3917525
0 0.7798634 0.613402 0.0887372 0.3298969
0 0.855802 0.609536 0.0938566 0.3427835
0 0.9266211 0.5721649 0.0887372 0.3247422
0 0.9573378 0.5798969 0.0784982 0.2938144
0 0.7406143 0.5940721 0.0784982 0.2860824
0 0.5332764 0.6146907 0.0836177 0.306701
0 0.5750853 0.6030927 0.0784982 0.2938144
0 0.2815699 0.6365979 0.102389 0.371134
0 0.2244027 0.6340206 0.1075085 0.4020618
0 0.158703 0.6365979 0.102389 0.3762886
0 0.1177474 0.6443298 0.1126279 0.4175257
0 0.0401023 0.6520618 0.0836177 0.4020618
0 0.0964163 0.5953608 0.0870307 0.3195876
0 0.4018771 0.6185567 0.0972696 0.3556701
0 0.6484641 0.6030927 0.0750853 0.2731958
0 0.9044368 0.5837628 0.0682593 0.2551546
0 0.3583617 0.4690721 0.0273037 0.0463917
0 0.4786689 0.4793814 0.0290102 0.0463917
0 0.0170648 0.4639175 0.0341296 0.0515463
0 0.0699658 0.4793814 0.0341296 0.0463917
0 0.1399317 0.4716494 0.0204778 0.0618556
0 0.1732081 0.4664948 0.0290102 0.0670103
0 0.3097269 0.4832474 0.0255972 0.0541237
0 0.2602389 0.488402 0.0255972 0.0386597
0 0.3796928 0.4819587 0.0187713 0.0257731
0 0.6825938 0.484536 0.0204778 0.0360824
0 0.6638225 0.484536 0.0170648 0.0515463
0 0.7585324 0.4780927 0.0187713 0.0386597
0 0.7977815 0.4793814 0.0187713 0.0463917
0 0.8122866 0.4664948 0.0204778 0.0463917
0 0.8327645 0.4780927 0.0238907 0.0438144
0 0.880546 0.4690721 0.0238907 0.0463917
0 0.8916382 0.4587628 0.0187713 0.0412371
0 0.9129692 0.4510309 0.0170648 0.0309278
0 0.9846416 0.5773195 0.0238907 0.1907216
0 0.4948805 0.5167525 0.0238907 0.0541237
0 0.4889078 0.6481958 0.0358361 0.2036082
0 0.2192832 0.4768041 0.0802047 0.0515463
0 0.5656996 0.4690721 0.1518771 0.056701
0 0.7192832 0.4561855 0.0358361 0.0721649
